711621471
3329457035
3540658286
1429319277
1647999605
2726762725
3391361277
1545524063
3958785211
4276264787
1321275334
1681700205
4261668719
2994107253
880236376
3270773552
2818690955
3710121910
3918321625
1567117653
469390093
1827455576
3523752789
2728152499
1712571197
3866013976
280646616
2170646559
3003076916
2869562755
1495086441
3815353149
1733395257
1732459142
3442899665
3167729207
3436253583
1335090736
2850779746
76560682
3575588326
1516852069
2553172558
509114047
1979695093
1058196492
4112703452
735373227
3417592494
3658651844
1347451066
2917410705
2965852581
3958991959
3930324547
2596703526
1963476881
2591645686
1137548661
3453115041
863208941
2352600763
289052463
2741693447
2256762315
4163909620
2657181220
4165165109
2479474942
3322179927
188464899
310258888
1750070315
4133930511
2804281916
3873584190
2661786875
231207032
2901675077
73617964
2727295165
845334424
846203264
449211882
1223747138
844282230
1942734845
3217408673
3936469883
4293484290
3428409648
2442454678
1349834843
53538893
3416248867
4023820606
2623337012
1432766604
1856150480
2457189042
3394860710
982711321
2360553750
196849365
3332880979
4203294093
2385468589
3120471853
2773503857
1319838106
3643978289
3828576573
917621919
2625956824
4185278166
776505409
2272363277
2262218519
2269667317
794514901
3329979618
2846006348
216613324
3205608269
2124546641
3022108090
3163238511
2507230353
1955006837
4180703857
3860271217
105500907
3457401572
2243258548
2094171666
2329277713
3230592745
2809778149
3130476195
4007139123
1514443863
3155513962
2398223141
3429076330
2443731518
2768816360
1105042079
1124333858
286853177
3044084955
560452419
4070931223
252972607
3881063040
730639503
1357402094
3521787900
336835980
824056009
1887462228
4091671804
2321133266
3579966865
1086832985
3769190007
230424329
2381711165
644069911
1834190173
1499889145
2604437248
3079350657
3784448869
3894319031
3998696687
184045529
1846597804
1234820840
3182922815
4171770509
668144104
240327703
2722666735
1981347325
1491643388
1633991068
293815531
895142006
1513639072
2822490188
2907105178
2764859562
2581105743
1132428892
3081113281
918060649
822579643
584684151
2079049588
1683094237
2633554303
1845098273
2374349589
1086064772
686019379
951093765
3055427831
4257832534
3619273269
1433449102
1687709408
2681632915
835509437
3444462029
3275899409
4113226194
2683919562
3992481072
1793266976
4013035422
683298226
3083390773
2015242014
2671366240
2996405180
2702293294
1381571935
169109517
129864835
2319135135
2576749459
825149384
2754388966
1878973590
1318297467
3278093865
4050050915
4120056153
2345570536
1353480419
3353516554
1728278760
3753786210
1540579954
966774742
3939580993
1311158456
3830574860
1890066715
2491675976
1628037049
4147600705
2733959353
1632976005
618773037
2678623162
3523376412
1183833792
3275317884
3205305144
1016668653
1655375427
3492288985
3042372613
368642508
1979006506
2980861602
12360972
1471018971
368449157
3613188834
4001884322
1182016813
2111940524
2264138312
3519816450
2552044458
3901077071
1669701273
4279852571
599322391
159541581
3688687719
4051221693
2165855755
2496062452
1626868775
839908678
2746599108
1908307132
488268725
2864729341
1043787491
1294053579
224423435
2111588892
3396493925
3079417745
912548711
1527527484
2297671313
1410431502
3989729500
1188703597
2490950152
4163007145
442225738
2923639327
3678342538
2890690954
4081321976
655159837
2172488312
3308529454
2538145168
2884482209
2766960655
185643633
2753522936
2407048804
2131446869
1272442440
68048933
638590318
636226707
2001073889
4199560470
345026917
3930775492
3750552627
2788737829
3147877333
2642557749
2099889881
3996406146
1965178657
3157616448
3099751409
89575901
752786790
3396140802
828092199
697180062
1018115075
3229051650
957016200
2782215108
181705039
3053126749
2717100806
3432639250
1892602888
1979802762
3060551415
3458246882
1743936506
2891496573
1318171105
3231283580
1343560813
107621714
2968697564
1830862137
1516437827
3402544093
2706837320
440049973
3371486950
729716232
348649918
3082722087
65900463
3898086273
1285327527
2706743731
2833097381
3688880934
832114687
673979072
2938851291
845450454
457587993
336248790
684885731
2362415875
2759589439
3917140230
1738106755
2480238050
2558288847
1054546581
3964269456
3927052866
3842572707
252842523
1849535689
976780882
2923026858
3384853648
1785420233
1410032560
3657164672
2369099268
1982850421
2031879459
3197871001
833973669
317293341
316853440
290486180
3643177095
2789497811
2840453490
584789157
1550073616
1172620868
2492361749
1626273533
118937228
663010
4024864778
3472846473
2916712744
3920538601
4089411564
1050302325
254248560
2318763579
2363133575
4008702532
494203972
3629824904
2800481906
4180970332
1710473466
4116579759
1195473046
2242226067
2414482839
3936730998
1232928531
669662876
2961457423
3945325489
30181787
3631088096
3656826023
1779499196
1285868814
2088253821
1595924800
166097209
3295733180
2852796866
1384753957
55364296
3247366261
2589160062
242978011
383118410
3261888037
3400405374
230204766
3522661295
3272059351
1606690792
3439851347
1872797989
2676501415
1811282167
1705920893
2032150374
746158661
51614411
2133468816
4155262602
2897690686
3665287153
789230181
813974205
315592251
1825606802
812073841
378520912
4150491261
2365138805
2747460053
2246213250
3369226766
3470894478
678459737
1794831948
953771187
3800941358
2589711983
3607213216
345446479
4108880557
959948212
2153731708
799082321
1876143164
87494373
1825948333
4122357236
4081031188
2245979576
2347940111
3248561663
1311931741
447942672
3066016069
3970254763
2718084520
1380410219
1209110951
222068186
4281122509
3047554539
3768181983
2107020376
1575342096
3553218651
4276607485
1399089948
106149255
3338001036
1549538975
2510357071
2539934552
1419798538
3923747379
3000624785
928072056
444491715
3847285436
2312952842
117089275
2992744525
4079473711
265935870
1727349783
2960896339
2270401256
1710702137
4205086564
165041146
3439720726
1713652017
522316
4210343733
2766016420
175589252
2913431348
2639730818
4165821367
1864137310
3096596582
1960569199
353879626
4260777154
1380288034
2564659680
2249152857
2640160203
1924508704
2411661161
2195225789
4107875069
915611845
384437374
1973059078
4219437203
2512880995
2892803481
3680878912
3314889452
1559824859
3201855074
1596811015
138740302
621504684
627716241
462557861
979534637
3445533222
2666362423
1755491676
703536730
583389657
864780216
2846012825
3534256401
1139436974
1659672184
2080047455
1455244255
300915893
1603628179
2655785966
927084542
702217670
3540311630
2577345356
3770510608
2028568202
1154168625
3454670306
2323536905
3444833329
368408795
2895735932
3989198389
1206859718
2080344801
1102441663
649703518
3141506407
466181544
3279855066
879585454
3758255832
3863973867
623625597
3025701552
